---
layout: travel-post
title: "Peru"
category: travel
zoom: 5
coords:
  - lat: -12.048922
    lng: -77.042133
  - lat: -9.527185
    lng: -77.528656
  - lat: -13.528021
    lng: -71.968398
  - lat: -16.406071
    lng: -71.536185
---
